20 1 1.0 1.0 0.2 2.0 10.0 0.5 200 10000.0
0 19 7 28 13 52 79 26 80 8 3 6 73 55 44 21 15 61 72 11
19 0 14 2 51 37 79 31 31 43 33 60 63 15 20 73 27 35 71 1
7 14 0 18 58 1 21 47 72 71 14 36 6 53 9 45 59 35 64 38
28 2 18 0 54 28 0 58 46 18 63 14 31 7 47 0 10 20 4 77
13 51 58 54 0 7 1 33 47 59 29 33 65 51 14 45 46 21 66 59
52 37 1 28 7 0 33 48 25 45 80 35 69 66 2 70 70 64 22 70
79 79 21 0 1 33 0 68 42 44 76 33 19 50 75 43 18 32 0 43
26 31 47 58 33 48 68 0 64 0 59 21 42 78 4 10 43 20 66 13
80 31 72 46 47 25 42 64 0 11 67 39 5 14 28 78 5 1 25 29
8 43 71 18 59 45 44 0 11 0 12 79 39 5 20 64 14 35 22 2
3 33 14 63 29 80 76 59 67 12 0 31 29 78 65 58 24 80 46 64
6 60 36 14 33 35 33 21 39 79 31 0 19 27 16 34 17 59 58 74
73 63 6 31 65 69 19 42 5 39 29 19 0 43 8 74 61 17 23 38
55 15 53 7 51 66 50 78 14 5 78 27 43 0 26 0 0 21 36 41
44 20 9 47 14 2 75 4 28 20 65 16 8 26 0 19 4 75 32 17
21 73 45 0 45 70 43 10 78 64 58 34 74 0 19 0 29 78 15 79
15 27 59 10 46 70 18 43 5 14 24 17 61 0 4 29 0 11 27 9
61 35 35 20 21 64 32 20 1 35 80 59 17 21 75 78 11 0 60 0
72 71 64 4 66 22 0 66 25 22 46 58 23 36 32 15 27 60 0 13
11 1 38 77 59 70 43 13 29 2 64 74 38 41 17 79 9 0 13 0